
[MeshData]

ボーン番号 : 98

ボーン名 : { _ncl1_260 }

オフセット行列 : 
{ -0.818494 -0.101382 -0.5655 0  }
{ 0.370835 -0.845026 -0.385244 0  }
{ -0.438805 -0.525026 0.729244 0  }
{ 0.410617 1.93947 -0.319422 1  }

アニメーション行列 : 
フレーム番号0 : 
{ -0.818494 -0.101382 -0.5655 0  }
{ 0.370835 -0.845026 -0.385244 0  }
{ -0.438805 -0.525026 0.729244 0  }
{ 0.410617 1.93947 -0.319422 1  }

フレーム番号1 : 
{ -0.818494 -0.101382 -0.5655 0  }
{ 0.370835 -0.845026 -0.385244 0  }
{ -0.438805 -0.525026 0.729244 0  }
{ 0.410617 1.93947 -0.319422 1  }

フレーム番号2 : 
{ -0.818494 -0.101382 -0.5655 0  }
{ 0.370835 -0.845026 -0.385244 0  }
{ -0.438805 -0.525026 0.729244 0  }
{ 0.410617 1.93947 -0.319422 1  }

フレーム番号3 : 
{ -0.818494 -0.101382 -0.5655 0  }
{ 0.370835 -0.845026 -0.385244 0  }
{ -0.438805 -0.525026 0.729244 0  }
{ 0.410617 1.93947 -0.319422 1  }

フレーム番号4 : 
{ -0.818494 -0.101382 -0.5655 0  }
{ 0.370835 -0.845026 -0.385244 0  }
{ -0.438805 -0.525026 0.729244 0  }
{ 0.410617 1.93947 -0.319422 1  }

フレーム番号5 : 
{ -0.818494 -0.101382 -0.5655 0  }
{ 0.370835 -0.845026 -0.385244 0  }
{ -0.438805 -0.525026 0.729244 0  }
{ 0.410617 1.93947 -0.319422 1  }

フレーム番号6 : 
{ -0.818494 -0.101382 -0.5655 0  }
{ 0.370835 -0.845026 -0.385244 0  }
{ -0.438805 -0.525026 0.729244 0  }
{ 0.410617 1.93947 -0.319422 1  }

フレーム番号7 : 
{ -0.818494 -0.101382 -0.5655 0  }
{ 0.370835 -0.845026 -0.385244 0  }
{ -0.438805 -0.525026 0.729244 0  }
{ 0.410617 1.93947 -0.319422 1  }

フレーム番号8 : 
{ -0.818494 -0.101382 -0.5655 0  }
{ 0.370835 -0.845026 -0.385244 0  }
{ -0.438805 -0.525026 0.729244 0  }
{ 0.410617 1.93947 -0.319422 1  }

フレーム番号9 : 
{ -0.818494 -0.101382 -0.5655 0  }
{ 0.370835 -0.845026 -0.385244 0  }
{ -0.438805 -0.525026 0.729244 0  }
{ 0.410617 1.93947 -0.319422 1  }

フレーム番号10 : 
{ -0.818494 -0.101382 -0.5655 0  }
{ 0.370835 -0.845026 -0.385244 0  }
{ -0.438805 -0.525026 0.729244 0  }
{ 0.410617 1.93947 -0.319422 1  }

フレーム番号11 : 
{ -0.818494 -0.101382 -0.5655 0  }
{ 0.370835 -0.845026 -0.385244 0  }
{ -0.438805 -0.525026 0.729244 0  }
{ 0.410617 1.93947 -0.319422 1  }

フレーム番号12 : 
{ -0.818494 -0.101382 -0.5655 0  }
{ 0.370835 -0.845026 -0.385244 0  }
{ -0.438805 -0.525026 0.729244 0  }
{ 0.410617 1.93947 -0.319422 1  }

フレーム番号13 : 
{ -0.818494 -0.101382 -0.5655 0  }
{ 0.370835 -0.845026 -0.385244 0  }
{ -0.438805 -0.525026 0.729244 0  }
{ 0.410617 1.93947 -0.319422 1  }

フレーム番号14 : 
{ -0.818494 -0.101382 -0.5655 0  }
{ 0.370835 -0.845026 -0.385244 0  }
{ -0.438805 -0.525026 0.729244 0  }
{ 0.410617 1.93947 -0.319422 1  }

フレーム番号15 : 
{ -0.818494 -0.101382 -0.5655 0  }
{ 0.370835 -0.845026 -0.385244 0  }
{ -0.438805 -0.525026 0.729244 0  }
{ 0.410617 1.93947 -0.319422 1  }

フレーム番号16 : 
{ -0.818494 -0.101382 -0.5655 0  }
{ 0.370835 -0.845026 -0.385244 0  }
{ -0.438805 -0.525026 0.729244 0  }
{ 0.410617 1.93947 -0.319422 1  }

フレーム番号17 : 
{ -0.818494 -0.101382 -0.5655 0  }
{ 0.370835 -0.845026 -0.385244 0  }
{ -0.438805 -0.525026 0.729244 0  }
{ 0.410617 1.93947 -0.319422 1  }

フレーム番号18 : 
{ -0.818494 -0.101382 -0.5655 0  }
{ 0.370835 -0.845026 -0.385244 0  }
{ -0.438805 -0.525026 0.729244 0  }
{ 0.410617 1.93947 -0.319422 1  }

フレーム番号19 : 
{ -0.818494 -0.101382 -0.5655 0  }
{ 0.370835 -0.845026 -0.385244 0  }
{ -0.438805 -0.525026 0.729244 0  }
{ 0.410617 1.93947 -0.319422 1  }

フレーム番号20 : 
{ -0.818494 -0.101382 -0.5655 0  }
{ 0.370835 -0.845026 -0.385244 0  }
{ -0.438805 -0.525026 0.729244 0  }
{ 0.410617 1.93947 -0.319422 1  }

フレーム番号21 : 
{ -0.818494 -0.101382 -0.5655 0  }
{ 0.370835 -0.845026 -0.385244 0  }
{ -0.438805 -0.525026 0.729244 0  }
{ 0.410617 1.93947 -0.319422 1  }

フレーム番号22 : 
{ -0.818494 -0.101382 -0.5655 0  }
{ 0.370835 -0.845026 -0.385244 0  }
{ -0.438805 -0.525026 0.729244 0  }
{ 0.410617 1.93947 -0.319422 1  }

フレーム番号23 : 
{ -0.818494 -0.101382 -0.5655 0  }
{ 0.370835 -0.845026 -0.385244 0  }
{ -0.438805 -0.525026 0.729244 0  }
{ 0.410617 1.93947 -0.319422 1  }

フレーム番号24 : 
{ -0.818494 -0.101382 -0.5655 0  }
{ 0.370835 -0.845026 -0.385244 0  }
{ -0.438805 -0.525026 0.729244 0  }
{ 0.410617 1.93947 -0.319422 1  }

フレーム番号25 : 
{ -0.818494 -0.101382 -0.5655 0  }
{ 0.370835 -0.845026 -0.385244 0  }
{ -0.438805 -0.525026 0.729244 0  }
{ 0.410617 1.93947 -0.319422 1  }

フレーム番号26 : 
{ -0.818494 -0.101382 -0.5655 0  }
{ 0.370835 -0.845026 -0.385244 0  }
{ -0.438805 -0.525026 0.729244 0  }
{ 0.410617 1.93947 -0.319422 1  }

フレーム番号27 : 
{ -0.818494 -0.101382 -0.5655 0  }
{ 0.370835 -0.845026 -0.385244 0  }
{ -0.438805 -0.525026 0.729244 0  }
{ 0.410617 1.93947 -0.319422 1  }

フレーム番号28 : 
{ -0.818494 -0.101382 -0.5655 0  }
{ 0.370835 -0.845026 -0.385244 0  }
{ -0.438805 -0.525026 0.729244 0  }
{ 0.410617 1.93947 -0.319422 1  }

フレーム番号29 : 
{ -0.818494 -0.101382 -0.5655 0  }
{ 0.370835 -0.845026 -0.385244 0  }
{ -0.438805 -0.525026 0.729244 0  }
{ 0.410617 1.93947 -0.319422 1  }

フレーム番号30 : 
{ -0.818494 -0.101382 -0.5655 0  }
{ 0.370835 -0.845026 -0.385244 0  }
{ -0.438805 -0.525026 0.729244 0  }
{ 0.410617 1.93947 -0.319422 1  }

フレーム番号31 : 
{ -0.818494 -0.101382 -0.5655 0  }
{ 0.370835 -0.845026 -0.385244 0  }
{ -0.438805 -0.525026 0.729244 0  }
{ 0.410617 1.93947 -0.319422 1  }

フレーム番号32 : 
{ -0.818494 -0.101382 -0.5655 0  }
{ 0.370835 -0.845026 -0.385244 0  }
{ -0.438805 -0.525026 0.729244 0  }
{ 0.410617 1.93947 -0.319422 1  }

フレーム番号33 : 
{ -0.818494 -0.101382 -0.5655 0  }
{ 0.370835 -0.845026 -0.385244 0  }
{ -0.438805 -0.525026 0.729244 0  }
{ 0.410617 1.93947 -0.319422 1  }

フレーム番号34 : 
{ -0.818494 -0.101382 -0.5655 0  }
{ 0.370835 -0.845026 -0.385244 0  }
{ -0.438805 -0.525026 0.729244 0  }
{ 0.410617 1.93947 -0.319422 1  }

フレーム番号35 : 
{ -0.818494 -0.101382 -0.5655 0  }
{ 0.370835 -0.845026 -0.385244 0  }
{ -0.438805 -0.525026 0.729244 0  }
{ 0.410617 1.93947 -0.319422 1  }

フレーム番号36 : 
{ -0.818494 -0.101382 -0.5655 0  }
{ 0.370835 -0.845026 -0.385244 0  }
{ -0.438805 -0.525026 0.729244 0  }
{ 0.410617 1.93947 -0.319422 1  }

フレーム番号37 : 
{ -0.818494 -0.101382 -0.5655 0  }
{ 0.370835 -0.845026 -0.385244 0  }
{ -0.438805 -0.525026 0.729244 0  }
{ 0.410617 1.93947 -0.319422 1  }

フレーム番号38 : 
{ -0.818494 -0.101382 -0.5655 0  }
{ 0.370835 -0.845026 -0.385244 0  }
{ -0.438805 -0.525026 0.729244 0  }
{ 0.410617 1.93947 -0.319422 1  }

フレーム番号39 : 
{ -0.818494 -0.101382 -0.5655 0  }
{ 0.370835 -0.845026 -0.385244 0  }
{ -0.438805 -0.525026 0.729244 0  }
{ 0.410617 1.93947 -0.319422 1  }

フレーム番号40 : 
{ -0.818494 -0.101382 -0.5655 0  }
{ 0.370835 -0.845026 -0.385244 0  }
{ -0.438805 -0.525026 0.729244 0  }
{ 0.410617 1.93947 -0.319422 1  }

フレーム番号41 : 
{ -0.818494 -0.101382 -0.5655 0  }
{ 0.370835 -0.845026 -0.385244 0  }
{ -0.438805 -0.525026 0.729244 0  }
{ 0.410617 1.93947 -0.319422 1  }

フレーム番号42 : 
{ -0.818494 -0.101382 -0.5655 0  }
{ 0.370835 -0.845026 -0.385244 0  }
{ -0.438805 -0.525026 0.729244 0  }
{ 0.410617 1.93947 -0.319422 1  }

フレーム番号43 : 
{ -0.818494 -0.101382 -0.5655 0  }
{ 0.370835 -0.845026 -0.385244 0  }
{ -0.438805 -0.525026 0.729244 0  }
{ 0.410617 1.93947 -0.319422 1  }

フレーム番号44 : 
{ -0.818494 -0.101382 -0.5655 0  }
{ 0.370835 -0.845026 -0.385244 0  }
{ -0.438805 -0.525026 0.729244 0  }
{ 0.410617 1.93947 -0.319422 1  }

フレーム番号45 : 
{ -0.818494 -0.101382 -0.5655 0  }
{ 0.370835 -0.845026 -0.385244 0  }
{ -0.438805 -0.525026 0.729244 0  }
{ 0.410617 1.93947 -0.319422 1  }

フレーム番号46 : 
{ -0.818494 -0.101382 -0.5655 0  }
{ 0.370835 -0.845026 -0.385244 0  }
{ -0.438805 -0.525026 0.729244 0  }
{ 0.410617 1.93947 -0.319422 1  }

フレーム番号47 : 
{ -0.818494 -0.101382 -0.5655 0  }
{ 0.370835 -0.845026 -0.385244 0  }
{ -0.438805 -0.525026 0.729244 0  }
{ 0.410617 1.93947 -0.319422 1  }

フレーム番号48 : 
{ -0.818494 -0.101382 -0.5655 0  }
{ 0.370835 -0.845026 -0.385244 0  }
{ -0.438805 -0.525026 0.729244 0  }
{ 0.410617 1.93947 -0.319422 1  }

フレーム番号49 : 
{ -0.818494 -0.101382 -0.5655 0  }
{ 0.370835 -0.845026 -0.385244 0  }
{ -0.438805 -0.525026 0.729244 0  }
{ 0.410617 1.93947 -0.319422 1  }

フレーム番号50 : 
{ -0.818494 -0.101382 -0.5655 0  }
{ 0.370835 -0.845026 -0.385244 0  }
{ -0.438805 -0.525026 0.729244 0  }
{ 0.410617 1.93947 -0.319422 1  }

フレーム番号51 : 
{ -0.818494 -0.101382 -0.5655 0  }
{ 0.370835 -0.845026 -0.385244 0  }
{ -0.438805 -0.525026 0.729244 0  }
{ 0.410617 1.93947 -0.319422 1  }

フレーム番号52 : 
{ -0.818494 -0.101382 -0.5655 0  }
{ 0.370835 -0.845026 -0.385244 0  }
{ -0.438805 -0.525026 0.729244 0  }
{ 0.410617 1.93947 -0.319422 1  }

フレーム番号53 : 
{ -0.818494 -0.101382 -0.5655 0  }
{ 0.370835 -0.845026 -0.385244 0  }
{ -0.438805 -0.525026 0.729244 0  }
{ 0.410617 1.93947 -0.319422 1  }

フレーム番号54 : 
{ -0.818494 -0.101382 -0.5655 0  }
{ 0.370835 -0.845026 -0.385244 0  }
{ -0.438805 -0.525026 0.729244 0  }
{ 0.410617 1.93947 -0.319422 1  }

フレーム番号55 : 
{ -0.818494 -0.101382 -0.5655 0  }
{ 0.370835 -0.845026 -0.385244 0  }
{ -0.438805 -0.525026 0.729244 0  }
{ 0.410617 1.93947 -0.319422 1  }

フレーム番号56 : 
{ -0.818494 -0.101382 -0.5655 0  }
{ 0.370835 -0.845026 -0.385244 0  }
{ -0.438805 -0.525026 0.729244 0  }
{ 0.410617 1.93947 -0.319422 1  }

フレーム番号57 : 
{ -0.818494 -0.101382 -0.5655 0  }
{ 0.370835 -0.845026 -0.385244 0  }
{ -0.438805 -0.525026 0.729244 0  }
{ 0.410617 1.93947 -0.319422 1  }

フレーム番号58 : 
{ -0.818494 -0.101382 -0.5655 0  }
{ 0.370835 -0.845026 -0.385244 0  }
{ -0.438805 -0.525026 0.729244 0  }
{ 0.410617 1.93947 -0.319422 1  }

フレーム番号59 : 
{ -0.818494 -0.101382 -0.5655 0  }
{ 0.370835 -0.845026 -0.385244 0  }
{ -0.438805 -0.525026 0.729244 0  }
{ 0.410617 1.93947 -0.319422 1  }

フレーム番号60 : 
{ -0.818494 -0.101382 -0.5655 0  }
{ 0.370835 -0.845026 -0.385244 0  }
{ -0.438805 -0.525026 0.729244 0  }
{ 0.410617 1.93947 -0.319422 1  }

フレーム番号61 : 
{ -0.818494 -0.101382 -0.5655 0  }
{ 0.370835 -0.845026 -0.385244 0  }
{ -0.438805 -0.525026 0.729244 0  }
{ 0.410617 1.93947 -0.319422 1  }

フレーム番号62 : 
{ -0.818494 -0.101382 -0.5655 0  }
{ 0.370835 -0.845026 -0.385244 0  }
{ -0.438805 -0.525026 0.729244 0  }
{ 0.410617 1.93947 -0.319422 1  }

フレーム番号63 : 
{ -0.818494 -0.101382 -0.5655 0  }
{ 0.370835 -0.845026 -0.385244 0  }
{ -0.438805 -0.525026 0.729244 0  }
{ 0.410617 1.93947 -0.319422 1  }

フレーム番号64 : 
{ -0.818494 -0.101382 -0.5655 0  }
{ 0.370835 -0.845026 -0.385244 0  }
{ -0.438805 -0.525026 0.729244 0  }
{ 0.410617 1.93947 -0.319422 1  }

フレーム番号65 : 
{ -0.818494 -0.101382 -0.5655 0  }
{ 0.370835 -0.845026 -0.385244 0  }
{ -0.438805 -0.525026 0.729244 0  }
{ 0.410617 1.93947 -0.319422 1  }

フレーム番号66 : 
{ -0.818494 -0.101382 -0.5655 0  }
{ 0.370835 -0.845026 -0.385244 0  }
{ -0.438805 -0.525026 0.729244 0  }
{ 0.410617 1.93947 -0.319422 1  }

フレーム番号67 : 
{ -0.818494 -0.101382 -0.5655 0  }
{ 0.370835 -0.845026 -0.385244 0  }
{ -0.438805 -0.525026 0.729244 0  }
{ 0.410617 1.93947 -0.319422 1  }

フレーム番号68 : 
{ -0.818494 -0.101382 -0.5655 0  }
{ 0.370835 -0.845026 -0.385244 0  }
{ -0.438805 -0.525026 0.729244 0  }
{ 0.410617 1.93947 -0.319422 1  }

フレーム番号69 : 
{ -0.818494 -0.101382 -0.5655 0  }
{ 0.370835 -0.845026 -0.385244 0  }
{ -0.438805 -0.525026 0.729244 0  }
{ 0.410617 1.93947 -0.319422 1  }

フレーム番号70 : 
{ -0.818494 -0.101382 -0.5655 0  }
{ 0.370835 -0.845026 -0.385244 0  }
{ -0.438805 -0.525026 0.729244 0  }
{ 0.410617 1.93947 -0.319422 1  }

フレーム番号71 : 
{ -0.818494 -0.101382 -0.5655 0  }
{ 0.370835 -0.845026 -0.385244 0  }
{ -0.438805 -0.525026 0.729244 0  }
{ 0.410617 1.93947 -0.319422 1  }

フレーム番号72 : 
{ -0.818494 -0.101382 -0.5655 0  }
{ 0.370835 -0.845026 -0.385244 0  }
{ -0.438805 -0.525026 0.729244 0  }
{ 0.410617 1.93947 -0.319422 1  }

フレーム番号73 : 
{ -0.818494 -0.101382 -0.5655 0  }
{ 0.370835 -0.845026 -0.385244 0  }
{ -0.438805 -0.525026 0.729244 0  }
{ 0.410617 1.93947 -0.319422 1  }

フレーム番号74 : 
{ -0.818494 -0.101382 -0.5655 0  }
{ 0.370835 -0.845026 -0.385244 0  }
{ -0.438805 -0.525026 0.729244 0  }
{ 0.410617 1.93947 -0.319422 1  }

フレーム番号75 : 
{ -0.818494 -0.101382 -0.5655 0  }
{ 0.370835 -0.845026 -0.385244 0  }
{ -0.438805 -0.525026 0.729244 0  }
{ 0.410617 1.93947 -0.319422 1  }

フレーム番号76 : 
{ -0.818494 -0.101382 -0.5655 0  }
{ 0.370835 -0.845026 -0.385244 0  }
{ -0.438805 -0.525026 0.729244 0  }
{ 0.410617 1.93947 -0.319422 1  }

フレーム番号77 : 
{ -0.818494 -0.101382 -0.5655 0  }
{ 0.370835 -0.845026 -0.385244 0  }
{ -0.438805 -0.525026 0.729244 0  }
{ 0.410617 1.93947 -0.319422 1  }

フレーム番号78 : 
{ -0.818494 -0.101382 -0.5655 0  }
{ 0.370835 -0.845026 -0.385244 0  }
{ -0.438805 -0.525026 0.729244 0  }
{ 0.410617 1.93947 -0.319422 1  }

フレーム番号79 : 
{ -0.818494 -0.101382 -0.5655 0  }
{ 0.370835 -0.845026 -0.385244 0  }
{ -0.438805 -0.525026 0.729244 0  }
{ 0.410617 1.93947 -0.319422 1  }

フレーム番号80 : 
{ -0.818494 -0.101382 -0.5655 0  }
{ 0.370835 -0.845026 -0.385244 0  }
{ -0.438805 -0.525026 0.729244 0  }
{ 0.410617 1.93947 -0.319422 1  }

フレーム番号81 : 
{ -0.818494 -0.101382 -0.5655 0  }
{ 0.370835 -0.845026 -0.385244 0  }
{ -0.438805 -0.525026 0.729244 0  }
{ 0.410617 1.93947 -0.319422 1  }

フレーム番号82 : 
{ -0.818494 -0.101382 -0.5655 0  }
{ 0.370835 -0.845026 -0.385244 0  }
{ -0.438805 -0.525026 0.729244 0  }
{ 0.410617 1.93947 -0.319422 1  }

フレーム番号83 : 
{ -0.818494 -0.101382 -0.5655 0  }
{ 0.370835 -0.845026 -0.385244 0  }
{ -0.438805 -0.525026 0.729244 0  }
{ 0.410617 1.93947 -0.319422 1  }

フレーム番号84 : 
{ -0.818494 -0.101382 -0.5655 0  }
{ 0.370835 -0.845026 -0.385244 0  }
{ -0.438805 -0.525026 0.729244 0  }
{ 0.410617 1.93947 -0.319422 1  }

フレーム番号85 : 
{ -0.818494 -0.101382 -0.5655 0  }
{ 0.370835 -0.845026 -0.385244 0  }
{ -0.438805 -0.525026 0.729244 0  }
{ 0.410617 1.93947 -0.319422 1  }

フレーム番号86 : 
{ -0.818494 -0.101382 -0.5655 0  }
{ 0.370835 -0.845026 -0.385244 0  }
{ -0.438805 -0.525026 0.729244 0  }
{ 0.410617 1.93947 -0.319422 1  }

フレーム番号87 : 
{ -0.818494 -0.101382 -0.5655 0  }
{ 0.370835 -0.845026 -0.385244 0  }
{ -0.438805 -0.525026 0.729244 0  }
{ 0.410617 1.93947 -0.319422 1  }

フレーム番号88 : 
{ -0.818494 -0.101382 -0.5655 0  }
{ 0.370835 -0.845026 -0.385244 0  }
{ -0.438805 -0.525026 0.729244 0  }
{ 0.410617 1.93947 -0.319422 1  }

フレーム番号89 : 
{ -0.818494 -0.101382 -0.5655 0  }
{ 0.370835 -0.845026 -0.385244 0  }
{ -0.438805 -0.525026 0.729244 0  }
{ 0.410617 1.93947 -0.319422 1  }

フレーム番号90 : 
{ -0.818494 -0.101382 -0.5655 0  }
{ 0.370835 -0.845026 -0.385244 0  }
{ -0.438805 -0.525026 0.729244 0  }
{ 0.410617 1.93947 -0.319422 1  }

フレーム番号91 : 
{ -0.818494 -0.101382 -0.5655 0  }
{ 0.370835 -0.845026 -0.385244 0  }
{ -0.438805 -0.525026 0.729244 0  }
{ 0.410617 1.93947 -0.319422 1  }

フレーム番号92 : 
{ -0.818494 -0.101382 -0.5655 0  }
{ 0.370835 -0.845026 -0.385244 0  }
{ -0.438805 -0.525026 0.729244 0  }
{ 0.410617 1.93947 -0.319422 1  }

フレーム番号93 : 
{ -0.818494 -0.101382 -0.5655 0  }
{ 0.370835 -0.845026 -0.385244 0  }
{ -0.438805 -0.525026 0.729244 0  }
{ 0.410617 1.93947 -0.319422 1  }

フレーム番号94 : 
{ -0.818494 -0.101382 -0.5655 0  }
{ 0.370835 -0.845026 -0.385244 0  }
{ -0.438805 -0.525026 0.729244 0  }
{ 0.410617 1.93947 -0.319422 1  }

フレーム番号95 : 
{ -0.818494 -0.101382 -0.5655 0  }
{ 0.370835 -0.845026 -0.385244 0  }
{ -0.438805 -0.525026 0.729244 0  }
{ 0.410617 1.93947 -0.319422 1  }

フレーム番号96 : 
{ -0.818494 -0.101382 -0.5655 0  }
{ 0.370835 -0.845026 -0.385244 0  }
{ -0.438805 -0.525026 0.729244 0  }
{ 0.410617 1.93947 -0.319422 1  }

フレーム番号97 : 
{ -0.818494 -0.101382 -0.5655 0  }
{ 0.370835 -0.845026 -0.385244 0  }
{ -0.438805 -0.525026 0.729244 0  }
{ 0.410617 1.93947 -0.319422 1  }

フレーム番号98 : 
{ -0.818494 -0.101382 -0.5655 0  }
{ 0.370835 -0.845026 -0.385244 0  }
{ -0.438805 -0.525026 0.729244 0  }
{ 0.410617 1.93947 -0.319422 1  }

フレーム番号99 : 
{ -0.818494 -0.101382 -0.5655 0  }
{ 0.370835 -0.845026 -0.385244 0  }
{ -0.438805 -0.525026 0.729244 0  }
{ 0.410617 1.93947 -0.319422 1  }

