
[MaterialData]

ƒ}ƒeƒŠƒAƒ‹”Ô† : 30

Name          : tear

Ambient       : {0.822, 0.822, 0.822}

Diffuse       : {0.7, 0.7, 0.7}

Emissive      : {0.458824, 0.607843, 0.776471}

Bump          : {0, 0, 0}

Transparent   : 1

Specular      : {0.25, 0.25, 0.25}

Power         : 9.60784

Reflection    : 0

TextureName   : a_emotion2.tga
