
[MaterialData]

ƒ}ƒeƒŠƒAƒ‹”Ô† : 29

Name          : P_Face_Parts2

Ambient       : {0.822, 0.822, 0.822}

Diffuse       : {0.7, 0.7, 0.7}

Emissive      : {0.0392157, 0.0392157, 0.0392157}

Bump          : {0, 0, 0}

Transparent   : 1

Specular      : {0, 0, 0}

Power         : 9.60784

Reflection    : 0

TextureName   : a_hairshadow.tga
